version https://git-lfs.github.com/spec/v1
oid sha256:246f8e001062dfd06de55e0ade53ba3d2076d382ecc41dde2994e7e4b382687f
size 1761994
